00 01 04 05 08 09 12 13 16 17
02 03 06 07 10 11 14 15 18 19
20 21 24 25 28 29 32 33 36 37
22 23 26 27 30 31 34 35 38 39
40 41 44 45 48 49 52 53 56 57
42 43 46 47 50 51 54 55 58 59
60 61 64 65 68 69 72 73 76 77
62 63 66 67 70 71 74 75 78 79
80 81 84 85 88 89 92 93 96 97
82 83 86 87 90 91 94 95 98 99

00 0006,0006 01 0206,0006 04 0212,0006 05 0412,0006 08 0418,0006 09 0618,0006 12 0624,0006 13 0824,0006 16 0830,0006 17 1030,0006
02 0006,0206 03 0206,0206 06 0212,0206 07 0412,0206 10 0418,0206 11 0618,0206 14 0624,0206 15 0824,0206 18 0830,0206 19 1030,0206
20 0006,0212 21 0206,0212 24 0212,0212 25 0412,0212 28 0418,0212 29 0618,0212 32 0624,0212 33 0824,0212 36 0830,0212 37 1030,0212
22 0006,0412 23 0206,0412 26 0212,0412 27 0412,0412 30 0418,0412 31 0618,0412 34 0624,0412 35 0824,0412 38 0830,0412 39 1030,0412
40 0006,0418 41 0206,0418 44 0212,0418 45 0412,0418 48 0418,0418 49 0618,0418 52 0624,0418 53 0824,0418 56 0830,0418 57 1030,0418
42 0006,0618 43 0206,0618 46 0212,0618 47 0412,0618 50 0418,0618 51 0618,0618 54 0624,0618 55 0824,0618 58 0830,0618 59 1030,0618
60 0006,0624 61 0206,0624 64 0212,0624 65 0412,0624 68 0418,0624 69 0618,0624 72 0624,0624 73 0824,0624 76 0830,0624 77 1030,0624
62 0006,0824 63 0206,0824 66 0212,0824 67 0412,0824 70 0418,0824 71 0618,0824 74 0624,0824 75 0824,0824 78 0830,0824 79 1030,0824
80 0006,0830 81 0206,0830 84 0212,0830 85 0412,0830 88 0418,0830 89 0618,0830 92 0624,0830 93 0824,0830 96 0830,0830 97 1030,0830
82 0006,1030 83 0206,1030 86 0212,1030 87 0412,1030 90 0418,1030 91 0618,1030 94 0624,1030 95 0824,1030 98 0830,1030 99 1030,1030

Full bounds: 0,0 - 1036,1036
