Clock from center moving from 12:00-12:00

Examples:
At t=0:   0518,0518-0518,0000 12:00
At t=45:  0518,0518-1036,0000 01:30
At t=90:  0518,0518-1036,0518 03:00
At t=135: 0518,0518-1036,1036 04:30
At t=180: 0518,0518-0518,1036 06:00
At t=225: 0518,0518-0000,1036 07:30
At t=270: 0518,0518-0000,0518 09:00
At t=315: 0518,0518-0000,0000 10:30
At t=360: 0518,0518-0518,0000 12:00

Time:
t=atan(x2-x1,y1-y2)
t=atan(x-518,518-y)
(Add 360 if < 0)

0000 09
0002 12
0020 11
0021 29
0023 14
0024 32
0059 13
0060 16
0096 31
0099 15
0100 17,18,33,34,49
0102 36
0105 52
0141 19
0142 37
0177 35
0178 38
0180 53
0181 56
0199 39
0201 57
0266 59
0268 77
0286 58
0287 55
0289 76
0290 73
0325 79
0326 97
0362 54
0365 78
0367 51,72,75,96,99
0368 93
0372 69
0407 98
0409 95
0443 74
0444 92
0446 71
0447 89
0465 94
0467 91
0533 90
0535 87
0553 88
0554 70
0556 85
0557 67
0591 86
0593 83
0628 68
0632 84
0633 50,65,66,81,82
0635 63
0638 47
0674 80
0675 62
0710 64
0711 61
0713 46
0714 43
0732 60
0734 42
0799 40
0801 22
0819 41
0820 44
0822 23
0823 26
0858 20
0859 02
0895 45
0898 21
0900 00,03,24,27,48
0901 06
0904 30
0940 01
0941 04
0976 25
0977 07
0979 28
0980 10
0998 05
1000 08
