00 01 02 03 04 05
06 07 08 09 10 11
12 13 14 15 16 17
18 19 20 21 22 23
24 25 26 27 28 29
30 31 32 33 34 35

00 00
01 01 04
06 02 20
07 03 06 21 24
02 05 08
08 07 10 25 28
03 09 12
09 11 14 29 32
04 13 16
10 15 18 33 36
05 17
11 19 37
12 22 40
13 23 26 41 44
14 27 30 45 48
15 31 34 49 52
16 35 38 53 56
17 39 57
18 42 60
19 43 46 61 64
20 47 50 65 68
21 51 54 69 72
22 55 58 73 76
23 59 77
24 62 80
25 63 66 81 84
26 67 70 85 88
27 71 74 89 92
28 75 78 93 96
29 79 97
30 82
31 83 86
32 87 90
33 91 94
34 95 98
35 99
