From close:
ff0000 00 01 02 03 04 05 11 17 23 29 35 34 33 32 31 30 24 18 12 06 07 08 09 10 16 22 28 27 26 25 19 13 14 15 21 20
ffff00 05 11 17 23 29 35 34 33 32 31 30 24 18 12 06 00 01 02 03 04 10 16 22 28 27 26 25 19 13 07 08 09 15 21 20 14
00ff00 35 34 33 32 31 30 24 18 12 06 00 01 02 03 04 05 11 17 23 29 28 27 26 25 19 13 07 08 09 10 16 22 21 20 14 15
0000ff 05 11 17 23 29 35 34 33 32 31 30 24 18 12 06 00 01 02 03 04 10 16 22 28 27 26 25 19 13 07 08 09 15 21 20 14

0,000000|000,000000|300,ff0000|900,ff0000|375,000000|300,ffff00|525,ffff00|250,000000|300,00ff00|650,00ff00|375,000000|300,0000ff|525,0000ffx00
0,000000|025,000000|300,ff0000|875,ff0000|400,000000|300,ffff00|500,ffff00|275,000000|300,00ff00|625,00ff00|400,000000|300,0000ff|500,0000ffx01,04
0,000000|050,000000|300,ff0000|850,ff0000|425,000000|300,ffff00|475,ffff00|300,000000|300,00ff00|600,00ff00|425,000000|300,0000ff|475,0000ffx05,08
0,000000|075,000000|300,ff0000|825,ff0000|450,000000|300,ffff00|450,ffff00|325,000000|300,00ff00|575,00ff00|450,000000|300,0000ff|450,0000ffx09,12
0,000000|100,000000|300,ff0000|800,ff0000|475,000000|300,ffff00|425,ffff00|350,000000|300,00ff00|550,00ff00|475,000000|300,0000ff|425,0000ffx13,16
0,000000|125,000000|300,ff0000|775,ff0000|000,000000|300,ffff00|900,ffff00|375,000000|300,00ff00|525,00ff00|000,000000|300,0000ff|900,0000ffx17
0,000000|475,000000|300,ff0000|425,ff0000|350,000000|300,ffff00|550,ffff00|225,000000|300,00ff00|675,00ff00|350,000000|300,0000ff|550,0000ffx02,20
0,000000|500,000000|300,ff0000|400,ff0000|725,000000|300,ffff00|175,ffff00|650,000000|300,00ff00|250,00ff00|725,000000|300,0000ff|175,0000ffx03,06,21,24
0,000000|525,000000|300,ff0000|375,ff0000|750,000000|300,ffff00|150,ffff00|675,000000|300,00ff00|225,00ff00|750,000000|300,0000ff|150,0000ffx07,10,25,28
0,000000|550,000000|300,ff0000|350,ff0000|775,000000|300,ffff00|125,ffff00|700,000000|300,00ff00|200,00ff00|775,000000|300,0000ff|125,0000ffx11,14,29,32
0,000000|575,000000|300,ff0000|325,ff0000|500,000000|300,ffff00|400,ffff00|725,000000|300,00ff00|175,00ff00|500,000000|300,0000ff|400,0000ffx15,18,33,36
0,000000|150,000000|300,ff0000|750,ff0000|025,000000|300,ffff00|875,ffff00|400,000000|300,00ff00|500,00ff00|025,000000|300,0000ff|875,0000ffx19,37
0,000000|450,000000|300,ff0000|450,ff0000|325,000000|300,ffff00|575,ffff00|200,000000|300,00ff00|700,00ff00|325,000000|300,0000ff|575,0000ffx22,40
0,000000|775,000000|300,ff0000|125,ff0000|700,000000|300,ffff00|200,ffff00|625,000000|300,00ff00|275,00ff00|700,000000|300,0000ff|200,0000ffx23,26,41,44
0,000000|800,000000|300,ff0000|100,ff0000|875,000000|300,ffff00|025,ffff00|850,000000|300,00ff00|050,00ff00|875,000000|300,0000ff|025,0000ffx27,30,45,48
0,000000|825,000000|300,ff0000|075,ff0000|800,000000|300,ffff00|100,ffff00|875,000000|300,00ff00|025,00ff00|800,000000|300,0000ff|100,0000ffx31,34,49,52
0,000000|600,000000|300,ff0000|300,ff0000|525,000000|300,ffff00|375,ffff00|750,000000|300,00ff00|150,00ff00|525,000000|300,0000ff|375,0000ffx35,38,53,56
0,000000|175,000000|300,ff0000|725,ff0000|050,000000|300,ffff00|850,ffff00|425,000000|300,00ff00|475,00ff00|050,000000|300,0000ff|850,0000ffx39,57
0,000000|425,000000|300,ff0000|475,ff0000|300,000000|300,ffff00|600,ffff00|175,000000|300,00ff00|725,00ff00|300,000000|300,0000ff|600,0000ffx42,60
0,000000|750,000000|300,ff0000|150,ff0000|675,000000|300,ffff00|225,ffff00|600,000000|300,00ff00|300,00ff00|675,000000|300,0000ff|225,0000ffx43,46,61,64
0,000000|875,000000|300,ff0000|025,ff0000|850,000000|300,ffff00|050,ffff00|825,000000|300,00ff00|075,00ff00|850,000000|300,0000ff|050,0000ffx47,50,65,68
0,000000|850,000000|300,ff0000|050,ff0000|825,000000|300,ffff00|075,ffff00|800,000000|300,00ff00|100,00ff00|825,000000|300,0000ff|075,0000ffx51,54,69,72
0,000000|625,000000|300,ff0000|275,ff0000|550,000000|300,ffff00|350,ffff00|775,000000|300,00ff00|125,00ff00|550,000000|300,0000ff|350,0000ffx55,58,73,76
0,000000|200,000000|300,ff0000|700,ff0000|075,000000|300,ffff00|825,ffff00|450,000000|300,00ff00|450,00ff00|075,000000|300,0000ff|825,0000ffx59,77
0,000000|400,000000|300,ff0000|500,ff0000|275,000000|300,ffff00|625,ffff00|150,000000|300,00ff00|750,00ff00|275,000000|300,0000ff|625,0000ffx62,80
0,000000|725,000000|300,ff0000|175,ff0000|650,000000|300,ffff00|250,ffff00|575,000000|300,00ff00|325,00ff00|650,000000|300,0000ff|250,0000ffx63,66,81,84
0,000000|700,000000|300,ff0000|200,ff0000|625,000000|300,ffff00|275,ffff00|550,000000|300,00ff00|350,00ff00|625,000000|300,0000ff|275,0000ffx67,70,85,88
0,000000|675,000000|300,ff0000|225,ff0000|600,000000|300,ffff00|300,ffff00|525,000000|300,00ff00|375,00ff00|600,000000|300,0000ff|300,0000ffx71,74,89,92
0,000000|650,000000|300,ff0000|250,ff0000|575,000000|300,ffff00|325,ffff00|500,000000|300,00ff00|400,00ff00|575,000000|300,0000ff|325,0000ffx75,78,93,96
0,000000|225,000000|300,ff0000|675,ff0000|100,000000|300,ffff00|800,ffff00|475,000000|300,00ff00|425,00ff00|100,000000|300,0000ff|800,0000ffx79,97
0,000000|375,000000|300,ff0000|525,ff0000|250,000000|300,ffff00|650,ffff00|125,000000|300,00ff00|775,00ff00|250,000000|300,0000ff|650,0000ffx82
0,000000|350,000000|300,ff0000|550,ff0000|225,000000|300,ffff00|675,ffff00|100,000000|300,00ff00|800,00ff00|225,000000|300,0000ff|675,0000ffx83,86
0,000000|325,000000|300,ff0000|575,ff0000|200,000000|300,ffff00|700,ffff00|075,000000|300,00ff00|825,00ff00|200,000000|300,0000ff|700,0000ffx87,90
0,000000|300,000000|300,ff0000|600,ff0000|175,000000|300,ffff00|725,ffff00|050,000000|300,00ff00|850,00ff00|175,000000|300,0000ff|725,0000ffx91,94
0,000000|275,000000|300,ff0000|625,ff0000|150,000000|300,ffff00|750,ffff00|025,000000|300,00ff00|875,00ff00|150,000000|300,0000ff|750,0000ffx95,98
0,000000|250,000000|300,ff0000|650,ff0000|125,000000|300,ffff00|775,ffff00|000,000000|300,00ff00|900,00ff00|125,000000|300,0000ff|775,0000ffx99
