00 01 02 03 04
05 06 07 08 09
10 11 12 13 14
15 16 17 18 19
20 21 22 23 24

00: 00 01 02 03
01: 04 05 06 07
02: 08 09 10 11
03: 12 13 14 15
04: 16 17 18 19
05: 20 21 22 23
06: 24 25 26 27
07: 28 29 30 31
08: 32 33 34 35
09: 36 37 38 39
10: 40 41 42 43
11: 44 45 46 47
12: 48 49 50 51
13: 52 53 54 55
14: 56 57 58 59
15: 60 61 62 63
16: 64 65 66 67
17: 68 69 70 71
18: 72 73 74 75
19: 76 77 78 79
20: 80 81 82 83
21: 84 85 86 87
22: 88 89 90 91
23: 92 93 94 95
24: 96 97 98 99
